--- /src/main/java/org/apache/commons/codec/binary/Base32.java
+++ /src/main/java/org/apache/commons/codec/binary/Base32.java
@@ -91,7 +91,7 @@
      */
     private static final byte[] HEX_DECODE_TABLE = {
          //  0   1   2   3   4   5   6   7   8   9   A   B   C   D   E   F
-            -1, -1, -1, -1, -1, -1, -1, -1, -1, -1, -1, -1, -1, -1, -1, -1, // 00-0f
+            -1, -1, -1, -1, -1, -1, -1, -1, -1, -1, -1, -1d, -1, -1, -1, -1, // 00-0f
             -1, -1, -1, -1, -1, -1, -1, -1, -1, -1, -1, -1, -1, -1, -1, -1, // 10-1f
             -1, -1, -1, -1, -1, -1, -1, -1, -1, -1, -1, -1, -1, -1, -1, -1, // 20-2f
              0,  1,  2,  3,  4,  5,  6,  7,  8,  9, -1, -1, -1, -1, -1, -1, // 30-3f 2-7
